quantidade <- c(1000,1000,1000,1000,1000,1000,1000,1000,1000,1000,1000,1000,1000,1000,1000,1000,1000,1000,1000,1000,1000,1000,1000,1000,1000,1000,1000,1000,1000,1000,2000,2000,2000,2000,2000,2000,2000,2000,2000,2000,2000,2000,2000,2000,2000,2000,2000,2000,2000,2000,2000,2000,2000,2000,2000,2000,2000,2000,2000,2000,3000,3000,3000,3000,3000,3000,3000,3000,3000,3000,3000,3000,3000,3000,3000,3000,3000,3000,3000,3000,3000,3000,3000,3000,3000,3000,3000,3000,3000,3000,4000,4000,4000,4000,4000,4000,4000,4000,4000,4000,4000,4000,4000,4000,4000,4000,4000,4000,4000,4000,4000,4000,4000,4000,4000,4000,4000,4000,4000,4000,5000,5000,5000,5000,5000,5000,5000,5000,5000,5000,5000,5000,5000,5000,5000,5000,5000,5000,5000,5000,5000,5000,5000,5000,5000,5000,5000,5000,5000,5000,6000,6000,6000,6000,6000,6000,6000,6000,6000,6000,6000,6000,6000,6000,6000,6000,6000,6000,6000,6000,6000,6000,6000,6000,6000,6000,6000,6000,6000,6000,7000,7000,7000,7000,7000,7000,7000,7000,7000,7000,7000,7000,7000,7000,7000,7000,7000,7000,7000,7000,7000,7000,7000,7000,7000,7000,7000,7000,7000,7000,8000,8000,8000,8000,8000,8000,8000,8000,8000,8000,8000,8000,8000,8000,8000,8000,8000,8000,8000,8000,8000,8000,8000,8000,8000,8000,8000,8000,8000,8000,9000,9000,9000,9000,9000,9000,9000,9000,9000,9000,9000,9000,9000,9000,9000,9000,9000,9000,9000,9000,9000,9000,9000,9000,9000,9000,9000,9000,9000,9000,10000,10000,10000,10000,10000,10000,10000,10000,10000,10000,10000,10000,10000,10000,10000,10000,10000,10000,10000,10000,10000,10000,10000,10000,10000,10000,10000,10000,10000,10000)
porcentagem <- c(91.00,87.00,87.00,88.00,89.00,81.00,88.00,91.00,87.00,88.00,87.00,89.00,89.00,87.00,90.00,85.00,88.00,92.00,86.00,89.00,90.00,90.00,90.00,92.00,92.00,86.00,88.00,84.00,89.00,94.00,92.00,91.00,91.00,91.00,91.50,94.00,91.50,92.00,91.50,93.00,94.50,93.00,91.50,91.00,94.00,94.00,93.50,89.50,91.00,92.00,92.50,93.00,91.00,92.00,90.00,92.50,87.50,94.00,91.50,94.00,94.67,94.67,92.00,93.00,92.33,90.00,91.67,94.00,92.00,92.67,95.00,95.00,92.33,95.00,90.67,93.33,94.00,92.33,93.33,91.33,93.33,93.33,92.00,92.33,92.67,93.33,94.33,94.00,92.00,95.33,94.00,94.50,94.25,94.25,92.00,94.25,93.75,93.75,95.00,93.75,93.00,93.25,94.50,93.50,93.50,93.50,94.25,95.00,92.75,94.50,94.75,92.50,93.00,94.25,95.50,93.25,95.00,94.00,92.00,95.75,95.40,95.40,92.80,95.60,95.80,93.00,94.60,94.00,92.00,95.40,94.80,92.60,93.60,92.80,93.20,95.60,94.00,93.80,94.00,93.00,94.80,94.60,95.60,94.00,92.00,95.00,93.80,90.80,92.00,93.40,94.00,93.50,95.00,95.50,94.67,95.67,95.17,93.67,92.67,92.83,95.00,94.83,95.33,94.67,94.00,93.83,95.33,95.00,94.17,93.67,93.33,95.17,94.50,95.33,94.00,95.50,95.17,95.17,95.17,94.83,95.29,95.14,94.00,93.43,94.29,94.71,95.71,95.86,94.43,96.00,94.29,93.43,95.14,95.29,93.14,94.86,97.43,94.14,94.86,95.29,95.29,95.29,95.43,94.29,93.86,95.14,94.57,95.14,94.71,95.00,93.13,96.13,95.38,95.25,95.75,95.50,95.75,94.75,95.13,95.75,94.50,94.50,95.13,94.63,93.63,94.63,94.38,94.38,95.25,94.63,95.63,95.63,94.13,95.13,95.00,94.38,94.63,96.25,95.13,95.00,95.56,94.56,94.89,95.89,94.67,96.00,94.67,95.89,94.67,96.00,94.89,95.00,95.44,95.78,94.00,95.22,94.56,95.56,95.00,95.00,95.00,95.56,95.00,94.78,94.44,96.33,96.44,94.56,95.78,95.56,95.10,95.50,95.90,95.40,94.50,96.10,95.10,94.40,95.00,96.50,94.90,95.30,96.60,95.70,95.70,96.00,95.00,95.00,95.80,95.60,94.30,95.00,94.90,94.40,96.00,95.50,96.30,94.80,96.00,95.60)
tempo <- c(0.23,0.05,0.04,0.04,0.03,0.03,0.04,0.04,0.05,0.05,0.05,0.04,0.04,0.04,0.04,0.04,0.05,0.04,0.06,0.05,0.04,0.04,0.04,0.04,0.04,0.04,0.04,0.04,0.04,0.03,0.12,0.13,0.19,0.16,0.13,0.11,0.11,0.11,0.12,0.11,0.11,0.10,0.12,0.15,0.12,0.11,0.20,0.18,0.10,0.10,0.10,0.12,0.11,0.10,0.12,0.12,0.12,0.10,0.11,0.10,0.23,0.22,0.23,0.24,0.22,0.22,0.39,0.22,0.24,0.28,0.24,0.26,0.22,0.24,0.23,0.23,0.23,0.23,0.22,0.21,0.22,0.21,0.21,0.22,0.22,0.22,0.21,0.21,0.23,0.22,0.38,0.37,0.37,0.45,0.41,0.40,0.44,0.51,0.45,0.41,0.39,0.39,0.37,0.36,0.38,0.36,0.36,0.41,0.36,0.37,0.38,0.36,0.37,0.44,0.38,0.42,0.39,0.45,0.42,0.41,0.63,0.59,0.63,0.60,0.61,0.93,0.99,0.89,0.73,0.70,0.74,0.67,0.65,0.65,0.63,0.60,0.63,0.66,0.62,0.61,0.59,0.58,0.60,0.58,0.59,0.63,0.64,0.73,0.59,0.57,0.84,0.85,0.83,0.81,0.86,0.92,0.98,1.00,0.91,0.85,0.91,0.87,0.93,1.02,0.85,0.87,0.91,0.92,0.96,1.17,0.89,0.86,0.87,0.93,0.87,0.94,1.00,0.85,0.92,0.99,1.26,1.20,1.20,1.16,1.15,1.16,1.26,1.16,1.19,1.29,1.35,1.36,1.22,1.18,1.16,1.27,1.21,1.18,1.11,1.14,1.20,1.30,1.23,1.14,1.18,1.11,1.10,1.11,1.11,1.12,1.43,1.63,1.76,1.76,1.60,1.63,1.62,1.59,1.49,1.45,1.63,1.68,1.76,1.73,1.64,1.56,1.52,1.58,1.56,1.59,1.60,1.64,1.61,1.52,1.46,1.53,1.59,1.57,1.54,1.62,2.08,1.89,1.85,1.86,1.82,1.83,1.90,2.05,2.31,2.04,1.90,1.83,1.91,1.98,2.29,2.05,2.15,1.96,1.98,2.14,2.05,2.43,2.17,2.03,2.05,2.12,2.16,2.13,2.14,2.18,2.69,2.70,2.90,2.71,2.50,2.80,2.34,2.20,2.31,2.39,2.43,2.47,2.40,2.37,2.41,2.51,2.37,2.35,2.38,2.26,2.26,2.19,2.27,2.66,2.30,2.41,2.45,2.15,2.45,2.37)
precision.0 <- c(0.91,0.83,0.91,0.90,0.83,0.91,0.91,0.83,0.83,0.91,0.90,0.91,0.91,0.91,1.00,0.83,0.77,1.00,0.90,0.83,0.83,0.91,0.91,0.91,1.00,0.69,0.83,0.83,0.91,0.91,0.83,0.90,0.87,0.87,0.95,1.00,1.00,1.00,0.83,0.95,0.91,0.95,0.90,0.95,0.91,0.87,0.87,0.83,0.95,1.00,0.95,0.95,0.91,1.00,0.83,0.91,0.95,0.87,0.91,0.95,1.00,0.94,0.91,0.86,0.94,1.00,0.97,0.88,0.86,0.97,1.00,0.97,0.97,0.91,0.86,0.93,0.91,1.00,0.91,0.85,0.91,0.91,0.88,0.94,0.91,0.97,1.00,0.94,0.91,0.91,0.98,0.93,0.87,0.95,0.98,0.95,0.89,0.87,0.95,0.98,0.87,0.91,0.95,0.98,0.91,0.95,0.91,0.93,0.91,0.91,0.98,0.95,0.89,0.95,0.98,0.93,0.91,0.95,0.98,0.95,0.94,0.98,0.98,0.98,1.00,0.88,0.96,0.96,0.96,0.96,0.98,0.89,0.94,0.93,0.91,0.96,0.96,0.94,0.96,0.91,0.91,1.00,0.98,0.96,0.88,0.93,0.94,0.86,0.89,0.92,0.95,0.94,0.95,1.00,0.94,0.95,0.89,0.91,0.92,0.90,0.94,0.98,0.94,0.91,0.90,0.94,0.97,0.92,0.92,0.94,0.97,0.92,0.91,0.91,0.98,0.91,0.95,0.89,0.98,0.92,0.95,0.97,0.93,0.92,0.93,0.91,0.92,0.92,0.91,0.97,0.96,0.93,0.91,0.95,0.91,0.99,0.96,0.97,0.93,0.91,0.96,0.95,0.96,0.93,0.90,0.93,0.93,0.97,0.92,0.92,0.93,0.92,0.89,0.94,0.93,0.98,0.95,0.94,0.96,0.92,0.91,0.99,0.96,0.97,0.93,0.95,0.92,0.94,0.96,0.90,0.98,0.95,0.96,0.91,0.93,0.90,0.91,0.97,0.94,0.96,0.94,0.92,0.97,0.96,0.97,0.98,0.91,0.95,0.96,0.94,0.94,0.97,0.97,0.97,0.97,0.95,0.91,0.94,0.94,0.92,0.95,0.93,1.00,0.95,0.95,0.97,0.98,0.94,0.98,0.97,0.92,0.95,0.95,0.98,0.96,0.95,0.94,0.93,0.92,0.96,0.91,0.97,0.98,0.94,0.96,0.96,0.94,0.96,0.98,0.94,0.95,0.95,0.93,0.97,0.97,0.96,0.95,0.94,0.93,0.96)
precision.1 <- c(0.91,0.83,0.90,0.91,1.00,0.91,0.83,1.00,0.83,0.91,0.83,1.00,0.91,0.83,0.77,0.91,0.91,1.00,0.83,0.83,1.00,0.91,1.00,1.00,0.83,0.71,0.82,0.67,0.83,1.00,0.95,0.86,0.87,0.95,0.95,1.00,0.87,0.86,0.95,0.95,1.00,0.87,0.86,0.91,1.00,0.95,0.91,0.83,0.80,0.90,0.83,0.91,0.95,0.91,0.91,0.91,0.87,0.87,0.95,1.00,0.97,0.97,0.91,0.88,0.91,0.83,0.83,1.00,0.91,1.00,0.91,0.97,0.91,0.94,0.88,0.94,0.97,0.94,0.94,0.86,0.97,0.94,0.91,0.91,0.97,0.94,0.97,0.97,0.97,0.97,0.98,0.98,0.95,1.00,0.89,1.00,0.93,0.93,0.93,0.93,0.89,0.93,1.00,0.89,0.91,0.98,0.95,0.95,0.95,0.93,0.93,0.86,0.90,0.95,0.91,0.93,0.98,0.98,0.93,1.00,0.98,0.93,0.94,0.91,0.98,0.89,0.96,0.98,0.91,0.94,0.91,0.89,0.96,0.93,0.94,0.93,0.91,0.91,0.89,0.89,0.92,0.98,0.96,0.89,0.89,0.93,0.96,0.90,0.89,0.93,0.91,0.97,0.94,0.98,0.94,0.92,0.97,0.94,0.94,0.98,0.95,0.89,0.97,0.92,0.98,0.94,0.97,0.95,0.92,0.95,0.91,0.95,0.94,0.98,0.91,0.95,0.97,0.95,0.94,0.97,0.96,0.94,0.92,0.96,0.91,0.95,0.97,0.93,0.97,0.93,0.96,0.94,0.96,0.95,0.95,0.92,0.96,0.97,0.89,0.97,0.95,0.90,0.96,0.93,0.94,0.93,0.94,0.93,0.91,0.97,0.92,0.98,0.89,0.93,0.94,0.95,0.94,0.98,0.92,0.96,0.98,0.96,0.93,0.96,0.94,0.92,0.92,0.96,0.90,0.98,0.93,0.94,0.93,0.95,0.99,0.94,0.98,0.99,0.94,0.95,0.97,0.97,0.91,1.00,0.99,0.97,0.96,0.96,0.92,0.97,0.97,0.95,0.93,0.97,0.92,0.97,0.96,0.97,0.95,0.99,0.97,0.94,0.93,0.96,0.95,0.94,0.95,0.98,0.97,0.98,0.97,0.94,0.96,0.94,0.94,0.94,0.96,0.96,0.93,0.98,0.97,0.97,0.99,0.91,0.95,0.95,0.96,0.95,0.97,0.93,0.92,0.92,0.95,0.91,0.97,0.96,0.95,0.94,0.96,0.93)
