quantidade <- c(1000,1000,1000,1000,1000,1000,1000,1000,1000,1000,1000,1000,1000,1000,1000,1000,1000,1000,1000,1000,1000,1000,1000,1000,1000,1000,1000,1000,1000,1000,2000,2000,2000,2000,2000,2000,2000,2000,2000,2000,2000,2000,2000,2000,2000,2000,2000,2000,2000,2000,2000,2000,2000,2000,2000,2000,2000,2000,2000,2000,3000,3000,3000,3000,3000,3000,3000,3000,3000,3000,3000,3000,3000,3000,3000,3000,3000,3000,3000,3000,3000,3000,3000,3000,3000,3000,3000,3000,3000,3000,4000,4000,4000,4000,4000,4000,4000,4000,4000,4000,4000,4000,4000,4000,4000,4000,4000,4000,4000,4000,4000,4000,4000,4000,4000,4000,4000,4000,4000,4000,5000,5000,5000,5000,5000,5000,5000,5000,5000,5000,5000,5000,5000,5000,5000,5000,5000,5000,5000,5000,5000,5000,5000,5000,5000,5000,5000,5000,5000,5000,6000,6000,6000,6000,6000,6000,6000,6000,6000,6000,6000,6000,6000,6000,6000,6000,6000,6000,6000,6000,6000,6000,6000,6000,6000,6000,6000,6000,6000,6000,7000,7000,7000,7000,7000,7000,7000,7000,7000,7000,7000,7000,7000,7000,7000,7000,7000,7000,7000,7000,7000,7000,7000,7000,7000,7000,7000,7000,7000,7000,8000,8000,8000,8000,8000,8000,8000,8000,8000,8000,8000,8000,8000,8000,8000,8000,8000,8000,8000,8000,8000,8000,8000,8000,8000,8000,8000,8000,8000,8000,9000,9000,9000,9000,9000,9000,9000,9000,9000,9000,9000,9000,9000,9000,9000,9000,9000,9000,9000,9000,9000,9000,9000,9000,9000,9000,9000,9000,9000,9000,10000,10000,10000,10000,10000,10000,10000,10000,10000,10000,10000,10000,10000,10000,10000,10000,10000,10000,10000,10000,10000,10000,10000,10000,10000,10000,10000,10000,10000,10000)
porcentagem <- c(86.00,87.00,86.00,79.00,84.00,89.00,89.00,87.00,90.00,88.00,88.00,83.00,86.00,84.00,89.00,87.00,88.00,85.00,88.00,86.00,86.00,87.00,90.00,86.00,84.00,84.00,84.00,87.00,84.00,86.00,90.00,88.00,89.00,93.00,92.00,90.00,89.00,85.00,89.50,87.00,93.00,90.50,93.50,92.00,91.50,90.00,90.50,89.00,88.50,94.50,89.00,88.00,91.00,92.50,89.00,86.00,89.50,91.50,87.50,87.50,91.67,93.33,90.00,94.33,93.00,88.67,92.00,93.33,92.33,90.00,89.67,91.33,91.33,90.33,88.67,91.33,93.00,88.67,90.33,89.67,91.67,91.33,92.00,90.33,93.00,90.67,90.33,92.33,92.67,89.67,90.75,92.25,92.25,91.75,92.50,94.25,94.00,92.50,94.50,92.75,92.25,91.25,90.75,91.25,91.50,92.25,90.75,91.25,92.00,92.00,91.50,91.75,94.50,92.25,92.50,91.50,93.00,92.00,92.00,92.00,93.80,92.40,94.00,93.40,92.40,93.40,93.40,95.00,95.20,93.60,92.80,93.20,93.60,94.60,91.40,94.60,92.60,92.60,91.40,92.00,91.80,92.80,92.00,94.20,94.20,93.80,91.20,92.40,91.40,94.40,94.33,94.83,93.83,93.83,93.33,91.17,95.33,93.83,93.33,94.50,95.00,94.00,95.33,94.00,92.67,91.83,94.33,92.33,94.50,92.17,93.67,93.00,93.33,95.67,94.50,91.83,93.83,94.17,93.67,93.50,94.57,93.86,94.00,93.86,93.00,95.00,93.14,92.29,93.57,93.86,95.71,94.86,93.00,94.14,94.43,92.29,93.00,91.71,94.14,94.43,93.00,93.86,94.71,95.00,95.43,94.57,93.86,94.00,95.00,94.14,94.88,93.75,92.75,94.88,94.00,94.13,93.75,93.38,94.63,94.88,94.13,93.75,94.88,93.25,94.13,94.13,93.88,95.00,93.63,93.75,95.25,93.38,94.75,92.88,94.50,93.25,92.88,94.38,94.00,95.00,93.22,94.44,93.44,93.78,95.00,94.67,96.11,94.11,95.33,94.11,94.00,93.78,93.78,93.67,94.11,94.11,94.56,95.11,94.00,95.11,94.11,93.78,95.56,95.89,94.22,95.00,94.67,94.22,95.00,93.33,95.40,94.30,93.80,94.00,92.90,94.80,95.80,95.60,95.20,94.90,95.30,94.90,94.00,94.90,93.20,95.00,94.40,94.60,94.50,94.80,95.50,95.10,92.60,93.30,93.80,95.00,93.40,94.70,94.70,95.00)
plot(porcentagem~quantidade)