quantidade <- c(1000,1000,1000,1000,1000,1000,1000,1000,1000,1000,1000,1000,1000,1000,1000,1000,1000,1000,1000,1000,1000,1000,1000,1000,1000,1000,1000,1000,1000,1000,2000,2000,2000,2000,2000,2000,2000,2000,2000,2000,2000,2000,2000,2000,2000,2000,2000,2000,2000,2000,2000,2000,2000,2000,2000,2000,2000,2000,2000,2000,3000,3000,3000,3000,3000,3000,3000,3000,3000,3000,3000,3000,3000,3000,3000,3000,3000,3000,3000,3000,3000,3000,3000,3000,3000,3000,3000,3000,3000,3000,4000,4000,4000,4000,4000,4000,4000,4000,4000,4000,4000,4000,4000,4000,4000,4000,4000,4000,4000,4000,4000,4000,4000,4000,4000,4000,4000,4000,4000,4000,5000,5000,5000,5000,5000,5000,5000,5000,5000,5000,5000,5000,5000,5000,5000,5000,5000,5000,5000,5000,5000,5000,5000,5000,5000,5000,5000,5000,5000,5000,6000,6000,6000,6000,6000,6000,6000,6000,6000,6000,6000,6000,6000,6000,6000,6000,6000,6000,6000,6000,6000,6000,6000,6000,6000,6000,6000,6000,6000,6000,7000,7000,7000,7000,7000,7000,7000,7000,7000,7000,7000,7000,7000,7000,7000,7000,7000,7000,7000,7000,7000,7000,7000,7000,7000,7000,7000,7000,7000,7000,8000,8000,8000,8000,8000,8000,8000,8000,8000,8000,8000,8000,8000,8000,8000,8000,8000,8000,8000,8000,8000,8000,8000,8000,8000,8000,8000,8000,8000,8000,9000,9000,9000,9000,9000,9000,9000,9000,9000,9000,9000,9000,9000,9000,9000,9000,9000,9000,9000,9000,9000,9000,9000,9000,9000,9000,9000,9000,9000,9000,10000,10000,10000,10000,10000,10000,10000,10000,10000,10000,10000,10000,10000,10000,10000,10000,10000,10000,10000,10000,10000,10000,10000,10000,10000,10000,10000,10000,10000,10000)
porcentagem <- c(89.00,83.00,88.00,84.00,86.00,95.00,87.00,85.00,86.00,85.00,88.00,92.00,97.00,89.00,92.00,85.00,92.00,83.00,84.00,85.00,85.00,89.00,89.00,86.00,89.00,93.00,87.00,92.00,90.00,89.00,89.50,89.00,92.00,92.00,90.50,88.00,91.00,90.50,93.00,93.00,88.50,92.50,88.00,92.00,94.50,90.50,92.00,90.00,95.00,89.50,91.50,91.00,91.00,92.50,92.00,92.00,94.50,91.00,89.00,89.50,93.00,94.67,94.67,94.33,94.00,93.00,95.00,94.00,91.67,93.33,92.00,92.67,91.67,92.00,91.67,94.67,93.00,92.33,93.00,92.67,91.33,93.00,92.33,95.33,94.33,92.00,92.00,95.33,92.33,92.00,95.50,93.25,95.00,95.00,95.00,94.00,92.75,94.25,94.00,93.75,93.00,92.25,93.75,93.50,93.75,94.50,95.00,94.50,94.00,94.75,94.25,92.00,92.75,92.50,91.00,93.75,93.00,95.75,96.00,94.50,95.40,94.00,95.00,93.00,95.20,94.80,94.60,94.20,94.60,94.60,93.60,92.40,94.00,93.60,93.80,95.40,94.00,94.00,94.20,95.00,94.80,96.60,93.80,95.80,95.00,94.00,93.20,94.00,92.40,92.40,94.83,93.50,94.67,95.33,94.00,95.33,95.33,94.17,94.50,96.50,95.67,96.00,92.83,93.67,95.17,94.83,94.17,93.50,92.17,93.33,93.67,94.50,93.50,95.00,94.83,94.17,94.67,94.33,95.17,95.67,95.57,96.14,94.43,94.43,95.57,94.00,94.86,94.43,94.29,96.29,94.43,95.00,94.14,95.71,94.86,95.14,94.29,93.00,95.14,94.43,96.00,93.86,95.71,95.29,96.57,95.57,95.00,94.71,96.00,93.86,94.50,95.00,95.25,96.25,94.13,95.13,96.00,94.25,96.25,94.50,95.63,94.75,94.63,95.50,93.63,95.00,95.25,96.25,96.50,96.00,93.50,94.38,94.63,95.00,93.75,94.50,95.88,94.88,94.13,95.13,94.89,95.00,95.78,95.67,95.00,95.89,94.89,95.22,96.00,95.56,96.22,96.44,95.78,94.44,96.89,94.11,95.22,95.33,96.33,95.00,94.67,95.11,95.78,95.22,95.22,96.11,95.89,95.11,94.78,96.89,94.70,95.50,95.00,95.90,95.40,96.30,96.40,96.00,95.50,96.10,95.00,95.40,95.40,95.00,95.80,95.60,95.40,95.20,94.90,94.30,95.90,96.30,95.00,95.80,95.10,95.60,95.50,95.80,95.40,95.30)
plot(porcentagem~quantidade)