quantidade <- c(1000,1000,1000,1000,1000,1000,1000,1000,1000,1000,1000,1000,1000,1000,1000,1000,1000,1000,1000,1000,1000,1000,1000,1000,1000,1000,1000,1000,1000,1000,2000,2000,2000,2000,2000,2000,2000,2000,2000,2000,2000,2000,2000,2000,2000,2000,2000,2000,2000,2000,2000,2000,2000,2000,2000,2000,2000,2000,2000,2000,3000,3000,3000,3000,3000,3000,3000,3000,3000,3000,3000,3000,3000,3000,3000,3000,3000,3000,3000,3000,3000,3000,3000,3000,3000,3000,3000,3000,3000,3000,4000,4000,4000,4000,4000,4000,4000,4000,4000,4000,4000,4000,4000,4000,4000,4000,4000,4000,4000,4000,4000,4000,4000,4000,4000,4000,4000,4000,4000,4000,5000,5000,5000,5000,5000,5000,5000,5000,5000,5000,5000,5000,5000,5000,5000,5000,5000,5000,5000,5000,5000,5000,5000,5000,5000,5000,5000,5000,5000,5000,6000,6000,6000,6000,6000,6000,6000,6000,6000,6000,6000,6000,6000,6000,6000,6000,6000,6000,6000,6000,6000,6000,6000,6000,6000,6000,6000,6000,6000,6000,7000,7000,7000,7000,7000,7000,7000,7000,7000,7000,7000,7000,7000,7000,7000,7000,7000,7000,7000,7000,7000,7000,7000,7000,7000,7000,7000,7000,7000,7000,8000,8000,8000,8000,8000,8000,8000,8000,8000,8000,8000,8000,8000,8000,8000,8000,8000,8000,8000,8000,8000,8000,8000,8000,8000,8000,8000,8000,8000,8000,9000,9000,9000,9000,9000,9000,9000,9000,9000,9000,9000,9000,9000,9000,9000,9000,9000,9000,9000,9000,9000,9000,9000,9000,9000,9000,9000,9000,9000,9000,10000,10000,10000,10000,10000,10000,10000,10000,10000,10000,10000,10000,10000,10000,10000,10000,10000,10000,10000,10000,10000,10000,10000,10000,10000,10000,10000,10000,10000,10000)
porcentagemEuclidiana <- c(85.00,83.00,88.00,87.00,75.00,87.00,82.00,88.00,83.00,87.00,86.00,79.00,84.00,87.00,84.00,86.00,92.00,89.00,90.00,88.00,89.00,83.00,85.00,91.00,86.00,85.00,88.00,84.00,86.00,89.00,87.00,89.00,90.50,88.00,91.50,89.50,89.00,92.00,89.50,88.50,91.00,94.50,90.50,89.50,89.50,88.00,93.50,90.00,92.50,89.00,93.50,90.00,90.00,91.00,91.50,91.00,91.00,87.50,93.50,92.50,89.33,92.67,92.67,91.00,90.67,94.00,90.67,91.33,94.00,91.00,93.00,88.33,90.67,91.33,86.67,90.33,90.00,90.67,93.67,91.33,92.67,91.00,94.00,95.00,89.67,93.33,92.00,93.33,91.33,90.00,91.50,92.75,92.75,94.00,92.75,93.75,93.50,92.00,91.50,92.00,91.75,94.00,92.00,93.25,92.50,92.50,93.50,90.75,93.25,92.75,90.50,92.25,92.25,93.50,90.00,91.75,92.75,91.00,93.25,94.25,94.20,92.60,92.60,93.60,93.20,94.00,95.00,93.80,91.20,94.00,90.60,93.20,93.60,92.80,90.80,93.20,92.80,91.40,91.60,95.40,95.00,93.00,92.00,95.20,93.80,92.00,93.60,92.00,92.60,94.80,92.17,93.17,93.33,92.00,94.67,93.83,93.17,92.83,93.50,95.67,94.00,93.33,95.17,95.33,93.67,93.67,92.50,93.67,94.17,91.83,94.00,94.17,93.67,94.17,92.83,93.67,93.83,94.17,94.83,93.50,94.00,93.57,93.86,93.57,94.57,93.57,92.29,93.00,94.14,93.86,94.43,92.29,93.00,95.14,95.14,96.00,94.00,94.86,92.86,94.29,93.71,95.57,93.71,94.29,92.57,95.00,93.14,92.57,94.29,92.43,93.00,93.50,95.13,94.63,95.75,94.88,92.75,94.75,95.75,94.25,95.13,95.00,94.88,93.25,93.63,95.38,94.00,94.75,95.25,94.75,94.13,94.50,94.88,94.38,95.38,94.25,96.38,93.25,95.88,94.00,94.89,95.00,93.11,94.11,95.78,95.11,94.33,95.00,93.22,94.44,94.78,94.33,93.67,94.78,95.67,94.67,94.89,94.78,94.44,93.78,94.78,94.22,94.00,94.22,94.56,94.33,94.00,95.22,94.22,94.67,94.80,94.80,93.60,95.10,94.20,93.80,95.10,95.60,94.90,96.00,95.20,94.40,94.10,94.10,96.10,93.70,95.90,94.50,94.90,95.10,94.20,94.40,94.70,94.80,94.30,95.40,94.60,94.60,94.90,94.40)
tempoEuclidiana <- c(0.21,0.06,0.06,0.06,0.04,0.03,0.04,0.03,0.03,0.03,0.03,0.04,0.04,0.04,0.02,0.02,0.02,0.02,0.03,0.03,0.03,0.03,0.03,0.03,0.03,0.03,0.03,0.02,0.02,0.02,0.07,0.07,0.08,0.05,0.05,0.12,0.07,0.05,0.07,0.06,0.05,0.06,0.07,0.06,0.05,0.05,0.07,0.06,0.05,0.05,0.06,0.06,0.05,0.05,0.06,0.06,0.05,0.05,0.06,0.06,0.14,0.13,0.13,0.12,0.11,0.13,0.12,0.13,0.11,0.13,0.14,0.13,0.12,0.13,0.17,0.14,0.12,0.13,0.13,0.12,0.12,0.13,0.12,0.14,0.12,0.14,0.15,0.13,0.14,0.14,0.26,0.27,0.25,0.26,0.31,0.29,0.24,0.26,0.25,0.25,0.24,0.23,0.27,0.29,0.26,0.28,0.29,0.22,0.26,0.22,0.24,0.25,0.24,0.24,0.23,0.25,0.22,0.27,0.22,0.26,0.39,0.38,0.38,0.38,0.40,0.37,0.38,0.38,0.37,0.38,0.45,0.40,0.42,0.41,0.41,0.40,0.42,0.41,0.36,0.37,0.39,0.36,0.38,0.38,0.37,0.38,0.38,0.41,0.38,0.40,0.59,0.59,0.65,0.67,0.60,0.60,0.58,0.57,0.63,0.64,0.62,0.62,0.61,0.58,0.54,0.55,0.54,0.54,0.55,0.59,0.55,0.54,0.55,0.54,0.55,0.53,0.56,0.55,0.54,0.55,0.76,0.83,0.78,0.90,0.85,0.92,0.84,0.77,0.78,0.78,0.78,0.76,0.81,0.83,0.80,0.82,0.79,0.84,0.87,0.89,0.84,0.84,0.80,0.81,0.85,0.85,0.82,0.80,0.79,0.82,1.05,1.07,1.13,1.10,1.07,1.06,1.06,1.05,1.05,1.07,1.05,1.05,1.00,1.04,1.06,1.02,1.03,1.16,1.02,0.98,0.98,0.96,0.96,0.99,0.97,0.99,0.99,0.97,1.02,1.02,1.28,1.26,1.22,1.22,1.28,1.33,1.38,1.36,1.28,1.30,1.29,1.27,1.23,1.28,1.22,1.23,1.24,1.25,1.22,1.23,1.28,1.36,1.28,1.25,1.22,1.24,1.22,1.23,1.23,1.26,1.62,1.57,1.63,1.53,1.54,1.52,1.52,1.66,1.53,1.54,1.57,1.60,1.59,1.53,1.52,1.51,1.58,1.52,1.64,1.82,2.42,2.21,2.34,3.09,2.56,2.74,2.51,1.74,1.64,1.60)
precisionEuclidiana.0 <- c(1.00,1.00,0.91,1.00,0.90,1.00,1.00,1.00,0.90,0.91,0.82,0.89,1.00,0.91,0.91,1.00,1.00,0.91,1.00,1.00,1.00,1.00,1.00,1.00,0.91,0.90,0.83,0.83,0.90,0.91,0.87,0.95,0.95,0.90,0.90,0.90,1.00,0.95,0.80,1.00,0.95,1.00,1.00,1.00,0.90,0.95,0.91,1.00,0.95,0.95,1.00,0.90,0.90,0.95,0.95,0.87,0.95,1.00,0.95,0.95,0.91,0.94,0.94,0.97,0.93,0.97,0.94,0.94,0.97,0.97,0.91,1.00,0.94,0.97,0.97,0.93,0.86,0.88,1.00,0.91,0.91,0.88,1.00,0.94,0.94,1.00,0.97,0.90,0.94,0.97,0.95,0.93,0.89,0.98,1.00,0.95,0.98,0.91,0.93,0.93,1.00,1.00,0.97,0.97,0.93,0.91,0.93,0.98,1.00,0.97,0.93,0.97,0.95,1.00,0.93,0.95,0.95,0.95,0.91,0.95,1.00,0.96,1.00,0.98,0.94,0.98,0.98,0.98,0.98,0.98,0.96,0.98,1.00,0.96,0.96,0.98,0.98,0.94,0.96,0.96,0.96,0.94,0.96,0.98,0.92,0.96,0.98,1.00,1.00,0.96,0.95,0.95,0.94,0.97,0.97,0.94,0.97,0.98,0.97,0.92,0.97,0.97,1.00,0.98,0.97,0.98,0.95,0.94,1.00,0.95,0.98,0.97,0.97,0.97,0.98,1.00,0.98,0.92,0.94,0.94,0.95,0.96,0.93,0.99,0.97,0.97,0.97,0.97,0.99,0.96,0.96,0.92,0.97,0.95,0.99,0.96,0.97,0.99,0.99,0.93,0.99,0.99,0.97,0.96,0.94,0.97,0.97,0.96,0.93,0.96,0.96,0.98,0.98,0.95,0.99,0.98,0.95,0.98,0.99,0.96,0.96,0.96,0.96,0.92,0.98,0.97,0.95,0.96,0.96,0.99,0.99,0.97,0.98,0.96,0.95,0.96,0.99,0.98,0.99,0.96,0.98,0.99,0.95,0.97,0.97,0.94,0.96,0.97,0.95,0.97,0.99,0.94,0.92,0.98,0.98,0.95,0.98,0.97,0.97,0.96,0.94,0.99,0.93,0.98,0.97,0.96,0.95,0.95,0.96,0.97,0.97,0.94,0.98,0.97,0.96,0.96,0.98,0.98,0.98,0.97,0.97,0.95,0.99,0.96,0.97,0.95,0.94,0.99,0.96,0.98,0.97,0.99,0.97,0.94,0.95,0.99,0.98,0.93,0.95,0.96)
precisionEuclidiana.1 <- c(0.77,0.63,0.67,0.91,0.56,0.77,0.59,0.83,0.63,0.67,0.77,0.63,0.64,0.71,0.83,0.71,0.77,0.77,0.83,0.91,0.83,0.63,0.83,0.83,0.83,0.67,0.77,0.71,0.77,0.71,0.87,0.77,0.83,0.78,0.91,0.80,0.74,0.83,0.83,0.77,0.83,0.86,0.77,0.80,0.83,0.83,0.83,0.71,0.90,0.80,1.00,0.91,0.86,0.80,0.80,0.80,0.87,0.83,0.80,0.80,0.94,0.94,0.83,0.83,0.94,0.97,0.88,0.81,0.91,0.79,0.81,0.70,0.97,0.88,0.77,0.79,0.85,0.91,0.88,0.79,0.86,0.88,0.91,0.97,0.79,0.76,0.91,0.97,0.81,0.75,0.85,0.91,0.89,0.91,0.87,0.87,0.85,0.91,0.83,0.81,0.89,0.81,0.89,0.87,0.88,0.89,0.95,0.72,0.95,0.91,0.87,0.91,0.85,0.93,0.78,0.95,0.87,0.80,0.89,0.91,0.86,0.93,0.83,0.93,0.83,0.89,0.94,0.83,0.79,0.93,0.83,0.88,0.91,0.83,0.94,0.86,0.83,0.83,0.83,0.91,0.98,0.86,0.88,0.94,0.94,0.86,0.91,0.84,0.82,0.91,0.81,0.92,0.88,0.87,0.90,0.89,0.92,0.87,0.95,0.88,0.88,0.90,0.91,0.92,0.91,0.88,0.86,0.88,0.92,0.94,0.90,0.91,0.88,0.90,0.91,0.95,0.92,0.92,0.92,0.90,0.86,0.89,0.90,0.93,0.87,0.89,0.87,0.91,0.90,0.85,0.96,0.87,0.86,0.91,0.89,0.97,0.90,0.88,0.86,0.90,0.84,0.90,0.91,0.90,0.88,0.89,0.88,0.84,0.90,0.86,0.87,0.88,0.93,0.94,0.91,0.94,0.89,0.95,0.92,0.94,0.92,0.89,0.93,0.86,0.90,0.95,0.87,0.87,0.93,0.90,0.89,0.91,0.88,0.92,0.90,0.88,0.92,0.87,0.92,0.89,0.93,0.91,0.89,0.90,0.93,0.92,0.87,0.95,0.89,0.94,0.91,0.90,0.89,0.96,0.92,0.96,0.91,0.95,0.93,0.91,0.92,0.87,0.88,0.92,0.92,0.97,0.89,0.89,0.95,0.91,0.92,0.90,0.86,0.92,0.91,0.92,0.89,0.92,0.88,0.94,0.93,0.93,0.90,0.89,0.93,0.89,0.92,0.90,0.85,0.96,0.89,0.92,0.95,0.92,0.90,0.93,0.93,0.95,0.91,0.93)
