quantidade <- c(1000,1000,1000,1000,1000,1000,1000,1000,1000,1000,1000,1000,1000,1000,1000,1000,1000,1000,1000,1000,1000,1000,1000,1000,1000,1000,1000,1000,1000,1000,2000,2000,2000,2000,2000,2000,2000,2000,2000,2000,2000,2000,2000,2000,2000,2000,2000,2000,2000,2000,2000,2000,2000,2000,2000,2000,2000,2000,2000,2000,3000,3000,3000,3000,3000,3000,3000,3000,3000,3000,3000,3000,3000,3000,3000,3000,3000,3000,3000,3000,3000,3000,3000,3000,3000,3000,3000,3000,3000,3000,4000,4000,4000,4000,4000,4000,4000,4000,4000,4000,4000,4000,4000,4000,4000,4000,4000,4000,4000,4000,4000,4000,4000,4000,4000,4000,4000,4000,4000,4000,5000,5000,5000,5000,5000,5000,5000,5000,5000,5000,5000,5000,5000,5000,5000,5000,5000,5000,5000,5000,5000,5000,5000,5000,5000,5000,5000,5000,5000,5000,6000,6000,6000,6000,6000,6000,6000,6000,6000,6000,6000,6000,6000,6000,6000,6000,6000,6000,6000,6000,6000,6000,6000,6000,6000,6000,6000,6000,6000,6000,7000,7000,7000,7000,7000,7000,7000,7000,7000,7000,7000,7000,7000,7000,7000,7000,7000,7000,7000,7000,7000,7000,7000,7000,7000,7000,7000,7000,7000,7000,8000,8000,8000,8000,8000,8000,8000,8000,8000,8000,8000,8000,8000,8000,8000,8000,8000,8000,8000,8000,8000,8000,8000,8000,8000,8000,8000,8000,8000,8000,9000,9000,9000,9000,9000,9000,9000,9000,9000,9000,9000,9000,9000,9000,9000,9000,9000,9000,9000,9000,9000,9000,9000,9000,9000,9000,9000,9000,9000,9000,10000,10000,10000,10000,10000,10000,10000,10000,10000,10000,10000,10000,10000,10000,10000,10000,10000,10000,10000,10000,10000,10000,10000,10000,10000,10000,10000,10000,10000,10000)
porcentagem <- c(88.00,85.00,82.00,81.00,87.00,84.00,83.00,86.00,82.00,87.00,87.00,88.00,80.00,86.00,88.00,84.00,88.00,77.00,82.00,83.00,87.00,81.00,83.00,81.00,89.00,84.00,87.00,89.00,86.00,81.00,88.50,84.00,88.00,89.00,85.50,87.50,89.50,91.00,85.50,88.00,90.50,85.50,93.00,83.00,92.00,84.50,90.00,86.50,89.50,89.00,87.00,91.00,87.00,85.00,90.00,88.50,88.00,84.00,92.50,83.50,90.67,89.67,88.33,89.67,88.67,92.00,91.33,90.00,89.00,89.33,90.00,89.00,85.67,91.00,90.67,91.00,91.33,93.00,89.33,89.67,91.00,91.33,92.00,88.67,91.67,89.67,90.33,87.00,91.67,90.67,88.75,90.25,92.00,91.00,93.25,89.25,91.25,88.75,90.50,90.25,91.25,88.25,90.50,91.00,90.75,90.00,88.50,90.50,92.25,91.50,92.00,95.00,92.50,92.25,93.50,93.25,90.50,93.50,92.00,89.00,91.80,93.40,90.00,92.80,90.40,92.20,92.20,92.80,90.60,91.20,92.20,91.20,93.00,90.00,92.40,92.40,93.80,89.00,90.20,93.60,91.40,90.20,92.80,91.60,92.40,90.60,89.80,93.00,94.00,92.80,92.17,91.67,90.67,94.83,91.17,91.67,94.00,93.33,90.33,89.67,92.33,92.50,93.33,92.50,92.50,91.17,95.17,92.83,92.33,89.67,92.33,93.67,93.17,92.83,93.00,90.33,94.00,91.17,90.50,94.33,93.43,91.00,93.29,94.14,94.14,94.29,95.00,93.14,93.71,93.57,92.43,92.43,92.71,92.29,91.43,93.86,92.43,92.29,93.29,91.14,94.43,94.29,93.29,92.86,92.71,94.14,95.00,92.71,92.86,91.43,91.00,92.50,92.75,93.75,93.38,93.38,92.75,93.00,93.63,94.13,94.38,93.13,93.75,92.38,94.38,94.38,92.63,93.00,93.50,92.88,93.63,92.75,92.13,92.63,92.88,92.75,92.38,93.63,92.38,93.13,93.89,93.33,92.33,93.67,92.56,92.44,92.33,94.22,93.67,93.67,94.11,93.11,94.00,93.00,94.89,94.44,93.78,92.44,94.00,93.56,93.22,94.56,94.44,93.56,93.89,94.00,91.56,94.44,93.89,93.67,94.90,94.30,94.00,94.40,93.30,93.60,93.80,93.70,93.30,92.90,91.80,92.40,94.70,94.00,92.80,93.50,93.00,93.70,93.20,93.00,94.60,92.00,92.30,94.80,93.30,93.20,93.90,92.60,92.90,95.10)
plot(porcentagem~quantidade)